0 1
1 2
2 3
2 4
2 5
2 6
3 4
3 5
3 6
4 5
4 6
4 7
5 129
5 6
5 7
5 8
6 7
6 8
6 9
6 10
7 8
7 9
7 10
8 9
8 10
8 11
8 126
9 129
9 130
9 10
9 12
10 11
10 12
10 13
11 12
11 13
11 14
12 13
12 14
12 15
13 14
13 15
13 16
14 15
14 16
14 17
15 16
15 17
15 18
16 17
16 18
16 19
17 18
17 19
17 20
18 19
19 20
19 21
19 22
20 21
20 22
20 23
21 64
21 65
21 22
21 23
21 24
21 25
21 61
22 23
22 24
22 25
23 24
23 25
23 26
23 27
24 64
24 25
24 26
24 27
24 28
25 64
25 26
25 27
25 28
25 61
26 27
26 28
26 29
27 109
27 110
27 113
27 28
27 29
27 30
28 32
28 29
28 30
28 31
29 32
29 33
29 30
29 31
30 32
30 33
30 34
30 109
30 31
31 32
31 33
31 34
31 35
31 106
31 109
32 33
32 34
32 35
32 36
32 39
33 34
33 35
34 35
35 36
35 37
35 38
36 37
36 38
36 39
37 40
37 38
37 39
38 39
38 40
38 41
39 40
39 41
39 42
39 46
40 41
40 42
40 46
41 42
42 43
42 44
42 45
43 44
43 45
43 46
44 45
45 46
45 47
45 48
46 47
46 48
47 48
48 49
49 50
50 51
50 52
50 53
51 52
51 53
51 54
52 53
52 54
52 55
52 56
53 54
53 55
53 56
54 55
54 56
54 57
55 56
55 57
56 57
57 58
57 59
57 60
58 59
58 60
58 61
59 60
59 61
59 62
59 63
60 61
60 62
60 63
61 64
61 62
61 63
62 64
62 65
62 63
63 64
63 65
63 66
64 65
64 66
64 67
64 68
65 66
65 67
65 68
66 67
66 68
66 69
67 68
67 69
67 70
68 69
68 70
68 71
69 70
69 71
69 72
70 71
70 72
70 73
71 72
71 73
71 74
72 73
72 74
72 75
72 76
73 74
73 75
73 76
74 75
74 76
74 77
74 81
75 76
75 77
75 78
76 77
76 78
77 78
77 79
77 80
77 81
78 80
78 79
79 80
79 81
80 81
80 82
81 82
81 83
81 84
82 83
82 84
82 85
82 86
83 84
83 85
84 85
84 86
85 86
85 87
85 88
86 87
86 88
86 89
87 88
87 89
87 90
87 91
88 89
88 90
88 91
88 92
89 141
89 90
89 91
89 92
89 93
90 91
90 92
90 93
90 94
91 92
91 93
91 94
91 95
92 96
92 97
92 98
92 93
92 94
93 97
93 94
94 95
95 96
95 97
96 97
96 98
97 98
98 99
99 100
99 101
99 102
100 101
100 102
100 103
101 102
101 103
101 104
101 105
102 103
102 104
102 105
102 106
103 104
103 105
103 106
103 107
104 105
104 106
104 107
105 106
105 107
105 108
106 107
106 108
106 109
107 108
107 109
107 110
108 109
108 110
108 111
109 110
109 111
109 112
109 113
110 111
110 112
110 113
111 112
111 113
111 114
111 115
112 113
112 114
112 115
112 116
113 114
113 115
113 116
114 115
114 116
114 117
114 118
115 116
115 117
115 118
115 119
116 117
117 118
118 119
118 120
118 121
118 122
119 120
119 121
119 122
120 121
120 122
121 122
122 123
122 126
123 124
123 125
123 126
124 125
124 126
124 127
125 128
125 126
125 127
126 128
126 129
126 127
127 128
127 129
127 130
128 129
128 130
128 131
128 132
129 130
129 131
129 132
130 131
130 132
130 133
131 132
131 133
131 134
132 133
132 134
132 135
133 134
133 135
133 136
134 135
134 136
134 137
135 136
135 137
135 138
135 139
136 137
136 138
136 139
137 138
137 139
137 140
138 139
138 140
138 141
138 142
139 140
139 141
139 142
140 141
140 142
140 143
141 142
141 143
141 144
142 143
142 144
142 145
143 144
143 145
143 146
144 145
144 146
144 147
145 146
145 147
145 148
145 149
145 150
145 151
146 147
146 148
146 149
146 150
146 151
147 148
147 149
148 149
148 150
149 150
150 151
